-7 264 255 18 33 12 3 0
-2046 264 255 18 12 9 -3882 -3867 0
-31 -20 129 9 0
-8 129 12 -20 0
-254 -3873 -3981 -263 12 9 129 21 18 0
-7 21 123 -253 129 12 0
-263 21 123 12 129 9 255 -3981 -3873 18 0
-10 -3873 -3981 255 123 129 9 -262 -19 0
-19 -262 123 9 12 -3981 255 129 -3873 18 0
-2049 123 12 9 129 21 -3981 -3873 -4095 -4080 0
255 -4095 -3987 -11 123 12 129 9 21 -3981 -3873 18 0
-2041 189 120 -11 376 -4095 -255 -3981 -7 0
-264 -7 -11 120 376 -4095 -255 -3981 -3882 0
-11 -3987 -3981 120 -4095 -3882 123 12 129 9 21 -3873 18 0
-14 -10 2046 2043 -122 -17 -8 0
-255 -10 -3975 120 377 -4095 -3981 -122 -17 -8 0
-3873 -4095 -3996 -3987 -3981 123 129 9 -3975 120 18 21 12 -3882 0
-8 -3975 120 -4095 -3981 -122 18 129 14 21 12 0
-122 21 129 12 9 120 -4095 -3981 -3975 18 14 0
-2043 -11 271 40 -3999 -3885 0
-42 -11 -121 -16 14 -3894 -3999 -3990 0
-13 -11 189 2043 -127 -7 0
-7 120 -4095 -3981 -3882 14 -3990 -121 -3894 -3999 -3885 18 21 129 12 123 0
14 21 12 129 9 -4095 -3981 -3882 120 -3990 -3894 -3999 -3885 18 123 -3975 0
-14 -3999 -3885 -3975 120 -4095 -3981 123 18 21 12 129 9 0
-10 12 129 21 9 -121 0
-3885 120 -4095 -3981 -3990 -3999 -3894 18 21 123 129 12 9 -3975 0
-7 120 -4095 -3981 -3999 -3990 -3894 18 21 123 129 12 9 -3975 0
-3894 -4008 -3975 120 -4095 -3981 18 129 21 12 123 9 -3999 -3990 0
-8 -3903 -4008 -3975 120 -4095 -3981 18 129 21 12 123 9 0
-2043 -16 -3903 -4095 376 -11 280 256 253 -4008 -3975 0
-254 -4095 -7 376 2043 -11 0
-13 91 -3975 2046 2043 -11 -127 -7 -16 0
-3903 120 -4095 -3981 -3975 -4008 18 21 129 12 9 -4026 0
-32 2043 -11 120 -4095 -3981 -7 -127 0
2043 -11 -127 120 -20 -3981 -7 -4095 0
-11 -4095 21 129 12 -3987 -3990 120 -3981 18 9 -3975 0
-2043 -3990 -3987 -10 -8 120 -4095 -3981 -3975 18 129 21 12 121 0
-262 -19 -10 2043 -128 -8 -3981 0
-189 38 -10 133 -128 -8 262 -3987 -3981 0
-263 -10 133 120 121 -128 -8 0
-135 2043 -10 2046 -17 -8 121 -4095 -264 377 392 -19 620 0
-122 2043 -10 2046 -8 120 -4095 -3981 -3975 18 129 21 12 0
12 -3987 120 -4095 -3981 -3975 18 129 21 -3996 -3990 9 0
-14 3867 21 129 18 2043 1905 1896 -8 0
-1913 -19 3885 1923 -128 -8 0
-1912 -17 3876 2043 -19 0
-17 3885 2046 1923 -8 1914 3876 2043 21 0
-8 1905 1896 1911 1890 18 2046 1923 3885 1914 3876 2043 21 15 129 3867 0
-13 -7 3873 3867 -20 1911 1905 -16 0
-1904 -7 129 -14 -3981 2043 3873 3867 -20 0
-16 -7 3882 3873 1920 1911 1905 129 -3981 2043 3867 15 21 0
-12 129 21 18 -3981 9 -4008 -3999 -3996 -3990 -3987 -4095 -3966 0
-7 129 12 -19 0
-8 15 12 21 129 18 2043 1905 1896 3867 0
3867 21 18 12 129 3882 3873 1920 1911 1905 -3981 2043 15 9 1896 0
-7 189 2043 129 15 12 0
12 18 129 21 -3987 -3981 -3978 -3972 -4005 -3996 -4089 -4095 -3975 -3990 0
-3969 18 -3981 -4008 -3999 -3996 -3990 -3987 -4095 -4089 -3978 -3972 -4005 -3975 -4083 -4092 0
21 1923 3894 -7 3885 1914 129 3876 2043 18 3882 3873 1920 1911 1905 -3981 3867 15 0
-1930 -17 1923 1941 -7 0
-17 -7 -4017 -4008 -3999 1923 1914 1932 1941 0
-186 2034 3783 -1912 138 135 49 40 37 -4008 -3999 -3996 0
-41 3774 2034 -1912 138 0
-1912 123 -7 -12 40 2034 3774 138 -1922 3783 135 49 37 -4008 -3999 -3996 0
-185 -7 273 123 -1922 -1913 0
-121 -1913 15 273 -184 -7 0
-42 -16 -12 2046 -1913 123 -7 180 -1922 -3999 0
-122 129 2043 3756 -1913 -41 3885 3873 -16 -7 2046 0
-2044 -41 3876 -3990 -16 271 2043 -1913 15 3885 -121 0
-1922 -21 2046 -3990 -16 2043 -7 3756 129 3873 -12 180 -3999 -4008 -3996 0
-2045 2040 3894 40 -12 -21 -16 -1931 -1913 0
-7 -12 -3990 129 126 3873 2046 180 -3999 -4008 -3996 18 -4017 -3981 1911 0
-16 -8 -4017 -4008 -3999 185 -1921 0
-40 3774 2034 -1913 138 0
-1913 123 -8 -3999 -12 2034 3774 138 18 -4017 -4008 0
-184 -8 273 123 -1921 -1912 0
-122 -1912 15 273 -185 -8 0
-185 -17 -12 2046 -1912 123 273 -8 180 0
-184 2046 -3975 -1912 1932 396 -8 1923 123 273 0
-42 -1912 18 -12 2046 -8 -3975 1932 -3999 -21 0
-185 -1912 18 180 -12 2046 123 273 -8 0
-16 -8 1932 1923 -1912 -4017 -4008 -3999 185 0
-1922 -40 3783 2037 -137 0
185 -1921 123 -8 -1912 -21 -3990 -40 3876 3756 3873 -2036 18 1932 1923 -4017 -4008 -3999 0
-2036 -21 -3990 -12 18 180 2046 -8 -40 3756 3873 -4017 -4008 -3999 3867 3762 0
-12 18 -3990 -4017 -4008 -3999 -3975 -3987 -3981 129 -3996 -4095 -4089 0
-8 -3782 18 2040 -40 3774 3792 0
-3782 3774 3792 3765 3801 18 -40 9 2040 0
-7 -2036 3774 18 -3781 -40 0
-3754 -21 3635 3866 -10 0
-40 2034 3756 -21 129 3762 12 9 3774 18 2037 3783 3792 3765 3801 2040 0
-10 -3867 -3981 2034 3762 -3755 129 9 0
-3760 -21 97 -11 -2036 123 3771 -3634 -7 0
-3755 -21 3762 123 3771 -3867 2037 129 9 12 -3981 2034 0
-7 -3867 -3981 129 2034 3762 12 -3754 0
-3761 -21 98 -10 -2035 123 3771 -3635 -8 0
-3867 -21 3771 2037 129 12 9 -3981 2034 -3987 0
-3865 -8 3756 2034 -10 0
-10 -4095 -3981 2037 3867 3756 2034 129 9 0
-3866 -7 3756 2034 -11 0
129 -4095 -3981 -3987 -3996 -3999 -3990 18 -3978 -3972 -4005 -4089 -3975 -4017 -4008 0
-3865 -11 2043 2037 -7 0
-7 2037 189 2043 -129 3756 2034 0
-2042 -129 3865 -8 0
3756 2037 189 2043 -129 2034 9 0
-8 2037 189 -2041 12 0
-2041 189 3865 -129 -3981 9 2037 0
3865 2037 189 9 -129 2043 -3981 0
-7 12 2043 2037 -3865 0
-129 -3981 9 -4095 -3987 -4086 0
-2042 -10 2043 -3981 -3865 129 9 0
2043 -10 -3981 2037 -3865 129 9 0
21 -3981 2037 -3865 -10 123 129 9 264 18 0
-3865 -10 -3981 -3990 2037 129 9 18 -3987 0
-21 -3981 -4095 2037 -10 129 9 -3987 -3996 -3990 0
-2043 -10 -4089 -4095 377 -19 272 254 -3867 -3999 0
-3867 -10 -4095 -3981 -17 2037 -3996 -128 -3987 -19 -4089 -3999 121 0
-10 -3981 129 18 -3987 -3990 2037 -4095 -3996 -4089 -3999 0
21 9 1923 3894 3885 1914 129 3876 2043 18 3882 3873 1920 1911 1905 -3981 3867 15 1890 2046 1896 0
-13 -12 -7 123 129 2046 2043 1905 -16 0
-255 -14 129 -12 -7 2037 3966 2043 1971 0
-128 -7 1911 1905 3882 3873 -16 3867 -14 0
-1903 -21 2043 3873 1911 -127 -7 0
-2042 -127 123 255 -1904 0
-7 2037 1896 3867 2043 1905 3873 1911 -21 129 3882 -12 3966 1971 2046 18 -4017 -4008 -3999 1914 0
-127 18 1923 3876 3894 -8 -3987 3885 -1912 0
-3884 -1912 126 3894 -185 -8 0
-1910 -97 2046 1920 -128 -8 0
-33 -8 1905 1971 -128 2043 1911 2046 1920 -21 -12 0
-2042 1896 -21 3762 -8 -12 126 -1912 3756 3867 1971 -128 0
2037 129 18 -3987 -3999 -4017 -4008 -4089 -3981 -3990 -4095 -3996 11 0
-2041 -122 186 15 -385 -376 0
-128 -8 18 129 -3999 -3990 -3981 -3987 -4095 -4089 11 396 -2037 99 0
-8 18 129 -3999 -3990 -3981 -3987 -4095 -4089 11 396 -2037 99 0
11 129 18 -3981 -4008 -3999 -3996 -3990 -3987 -4095 -4089 -4017 0
-1905 -11 2044 -13 21 129 -7 -3990 -3981 -4095 -3987 0
21 -11 -3981 -7 -4095 -3990 -13 -3987 129 18 0
-13 -11 129 9 -3981 -3987 -3996 -3999 -3990 -4095 18 0
-3981 -4095 -3987 -3996 -3999 -3990 18 -4008 -4089 -4017 -4086 0
-15 -127 -11 -4095 -7 -4086 0
-377 -7 129 15 -4095 120 -11 0
-182 -378 1894 187 -11 0
-119 -127 3981 -11 -7 3865 -4077 187 0
120 -11 -4089 119 129 15 -4095 0
-11 3981 -3987 -3990 -4089 129 -4095 -4077 -4086 0
-120 -7 3981 1896 129 187 -12 0
-377 -12 184 -14 -16 -127 -7 1896 120 187 -3987 2041 0
-188 -14 184 255 -4095 -7 370 120 -1889 0
-1889 -16 501 -14 2032 -4080 -12 187 184 255 -4095 -7 370 120 0
-3979 -14 120 -7 -16 -4080 -12 187 -4095 -4089 -127 -3987 0
-127 -14 -12 -16 1887 -7 -4095 -4077 187 120 3981 -4080 -4089 -3987 0
-14 3891 1920 -7 3882 -16 -4077 187 129 -12 1887 -4095 3981 -4080 -4089 -3987 0
-189 -7 2046 129 -16 -13 -12 -1910 0
-7 187 129 -4077 -4095 -4080 -4089 -3987 -4017 -4008 -3999 -4005 -3996 -3990 -4086 0
-1889 -16 1881 1896 -8 0
-16 1881 1896 -8 1872 15 1890 0
-14 -1894 -8 3876 1914 1923 2046 3885 -17 -12 187 129 1911 0
-189 -8 -13 -17 -3999 -12 18 -4017 -4008 2046 -3990 0
-272 -21 386 26 138 123 -128 -8 0
-21 18 -8 -12 -17 129 -13 -1894 2036 -3999 -4017 -4008 -3990 0
-1894 -12 -8 2046 -17 129 18 -3999 -4017 -4008 -3990 187 1911 0
21 2036 -12 -13 -8 3876 1914 1923 2046 3885 -17 0
-12 -8 129 -3987 -3999 -4017 -4008 -3990 187 -4095 -4089 -4080 -4071 0
-188 -10 377 -4095 -128 0
-376 -128 120 501 -10 0
187 -3990 129 -4095 -4089 -3987 -3999 -4017 -4008 -4080 -4071 -4077 -4005 -3996 -4086 0
-10 -119 -4089 -4095 376 -128 -187 0
-14 -4089 376 -128 9 -12 -3987 -187 3981 -119 0
-8 183 1890 -4095 1896 -187 -13 -499 255 -119 -128 0
-16 -128 2046 1911 -13 0
376 -4095 -187 -119 -128 -4089 -4017 -4008 -3999 18 -3987 3981 -3990 11 0
-13 -128 3981 -3990 -187 -119 9 -3987 -4017 -4008 -3999 18 -4095 11 -376 0
-1895 -376 -187 11 13 -119 -8 0
-8 13 -376 -187 11 -4095 -119 0
-119 3981 -187 11 -4095 -3990 -128 -3987 -4017 -4008 -3999 18 -4089 0
-7 -120 32 11 0
-12 -128 3981 -187 15 -8 1896 -120 0
-128 3981 11 -187 -3987 -4089 -3990 -4095 -4017 -4008 -3999 18 0
-17 -127 2046 1911 -14 0
-1909 19 2046 3882 1920 -127 -7 0
32 -1910 186 -7 -187 3981 -14 -12 11 31 0
-2045 -3987 -1910 -7 -187 3882 3981 -14 -12 11 31 -4095 370 0
129 -3999 -3987 -4095 -3996 -4089 -4080 -4071 -3990 -4017 -4008 -4077 -4005 -4086 0
-187 -7 2043 -11 -4095 2037 119 0
-7 -129 189 -4095 2037 0
-3987 -4095 -4086 -3999 -3996 -4089 -4080 -4071 -3990 -4017 -4008 -4077 -4005 0
-129 120 -10 -2042 -8 -4086 0
-10 -8 -4095 -2042 -4086 0
-188 -3985 -13 1970 -4008 -4095 -8 129 2037 -17 0
-378 -4095 20 -3874 2037 1914 -2042 -128 -8 186 -12 0
-2035 -12 254 2 -13 3866 1970 -4095 3980 20 -376 0
-128 -12 188 2037 -4095 20 -3874 1914 -2042 -8 186 0
-2042 2037 -4095 -8 -4008 -3996 3987 -3990 -4089 -4080 -4071 -4086 0
-127 -8 -13 3987 1970 -4008 -4095 2037 -17 3866 0
-188 1970 -3996 -4095 -128 -13 3987 2037 -4008 -8 -17 0
-3986 -13 3866 1970 -4095 20 -128 2037 -8 0
-21 188 -3990 -128 -13 -3999 -8 18 -4017 -4008 1970 26 386 -4095 0
3866 -17 -8 -3990 -13 -3999 18 -4017 -4008 1970 -4095 -3996 3987 2037 0
1970 -3990 -13 -3999 -8 18 -4017 -4008 -4095 -17 2037 3987 -3996 0
-21 182 -4089 -13 2042 -3999 3965 -8 18 -4017 -4008 26 386 -128 -3990 0
-128 -8 1896 -13 -17 -1970 2037 -4089 2042 -3999 18 -4017 -4008 -3990 0
-2036 -33 3865 187 -8 0
-13 -3990 -8 -3999 -4017 -4008 -4089 -4080 2037 2042 -4095 3987 -3996 -4071 0
-12 -2035 129 -8 -3866 13 -4095 0
-3866 -33 2042 -2035 129 -8 13 -4095 0
-10 126 120 13 -8 -4095 253 -33 501 2042 129 -2035 0
-33 -8 -2035 2042 -189 13 -4095 126 129 0
-12 -31 -8 2042 13 -189 -4095 0
-189 -8 2042 -2035 13 -4095 9 -4086 -4077 0
-10 129 -4089 -4095 -119 376 -187 0
-12 477 -8 -2035 486 13 -4095 -4089 -4080 -4071 0
-1894 -2035 -4080 -2043 -8 -4089 -4095 -10 -187 0
-372 -8 1894 13 -2043 -4089 0
-119 -4089 -4095 129 -10 -187 -8 13 0
-2043 -8 13 -4089 -4095 -187 -4080 -2035 -4071 0
-2035 -8 2037 2042 13 -4089 -4095 -4080 -4071 188 -4086 -4077 0
-12 -8 376 -120 0
-187 -2036 -4095 3987 2042 -8 2037 13 -3996 -4089 -4080 -4071 -4062 119 0
-10 13 2042 -4095 -118 3987 -2036 187 -8 126 129 0
119 -8 2042 13 -4095 3987 -4086 -4077 188 2037 -3996 -4089 -4080 -4071 -4062 0
-12 -8 126 -2041 -2036 187 13 -249 2042 -189 -4095 0
-2041 -189 120 -2036 -8 129 126 187 13 2042 -4095 1970 254 0
187 -119 -8 129 2042 -2036 13 -4095 -4077 188 0
-2043 370 -17 -4080 129 182 -1888 494 254 -4095 0
129 -4080 -8 2042 -4095 -119 -2036 13 -4089 -4071 -4077 188 0
-129 2042 -8 2037 -4095 -4086 0
12 -8 2042 -4095 -4080 13 -4089 -4071 -4077 3987 -4086 2037 -3996 -4062 -2041 0
-189 -8 2042 -4095 -4080 13 -4089 -4071 -4077 2037 118 -4086 0
-2036 2042 13 -4095 3987 -4086 -4077 -8 2037 -3996 -4089 -4080 -4071 -4062 0
-2041 -8 13 -4095 -118 2042 -4080 -4089 -4071 -4077 3987 -4086 2037 -3996 -4062 0
-10 -188 -4095 -8 129 0
2037 -8 -4095 -4089 -4080 -4071 -4086 -4077 3987 -3996 -4062 -3999 -4017 -4008 -3990 0
-188 -8 -2037 -3999 -3990 -4095 -4089 -4080 -4071 129 0
-12 -8 129 -2037 -4008 -3999 -3990 -4095 -4089 -4080 -4071 0
129 -8 -3999 -3990 -3996 -2037 -4008 -4095 -4089 -4080 -4071 0
-8 -4077 -4095 -4086 -3999 -3990 -3996 -4008 -4089 -4080 -4071 3987 -4062 -4017 0
-188 -129 -7 2043 0
-15 188 119 -129 -4095 0
-4089 1896 -129 -4095 8 0
-7 -2037 119 -13 183 -11 1896 0
-181 -11 24 90 -187 0
-11 183 119 188 -2037 -129 8 15 0
119 2043 188 -2037 -129 15 8 183 0
-10 183 188 -119 -2037 15 8 0
15 2043 188 -2037 -129 8 183 0
-11 183 4089 -119 1896 -187 378 0
188 -129 -4095 -2037 8 0
-118 -129 125 23 -10 0
-182 -10 -9 -129 -188 0
-10 -4095 -9 -188 1896 -129 0
-2037 -129 -4095 8 0
-181 33 2043 -11 264 189 -13 24 90 0
-2041 -11 378 255 -13 0
-120 -129 -11 8 -4095 0
-182 2032 19 -129 3980 8 -13 -2042 0
-253 378 -2042 -11 120 -13 183 -129 8 -2035 0
-9 -494 247 19 -255 -129 0
-32 -13 183 120 -2042 -11 0
-2042 -129 -11 120 -13 183 8 2037 0
19 -255 -9 -129 -118 -377 -11 0
-13 -4095 -129 -11 8 0
-247 120 1896 -11 -129 -19 2043 2037 0
-118 33 3867 183 2043 -11 189 0
-11 -4095 8 -129 0
188 -129 -4095 118 3867 -10 189 0
-2042 -10 378 255 -14 0
-188 -129 -10 3867 2037 -9 118 -4095 0
-2041 378 -10 3747 3963 501 -119 -14 21 -129 -4095 2037 0
3867 -129 -10 -4095 2037 118 -9 0
-119 -10 2037 -3867 -129 -4095 -9 0
118 -129 -10 -9 2037 -4095 0
-14 -10 2043 3981 -377 -32 0
-129 -4095 8 0
-126 -10 123 -377 -119 -264 620 -31 500 0
-499 -128 -10 494 -377 -9 -264 0
-377 -10 -15 -4095 -128 -9 0
-10 -4095 14 8 0
-187 -4095 14 119 -127 0
-501 -376 2043 -11 187 -15 -4095 0
-15 -127 -11 -9 187 -4095 377 0
-2042 263 -127 -13 119 187 -11 0
-189 -13 -9 -11 187 377 -118 -127 -4095 0
-500 21 -9 -13 2037 -11 3873 -127 2025 135 -3980 0
-20 -11 3760 3873 -9 -127 3754 2025 -3980 -188 0
-19 2025 -9 -127 3873 -11 2037 -2041 -13 0
-2024 1903 619 -3867 -378 19 -188 0
-188 -9 -11 -127 -13 377 2042 0
-9 377 -4095 14 129 10 0
-32 -11 -189 182 -13 -7 -127 0
-2043 19 -378 -4095 501 3980 1970 -13 -127 -11 -7 2033 3871 -33 0
-11 -7 -4095 188 14 377 129 0
-127 -7 -1895 -12 188 377 -13 0
-2042 -12 -128 -7 -13 377 -4095 188 120 0
188 -7 377 -4095 129 14 10 0
-128 -13 495 2037 -254 -1895 0
-12 -188 377 -118 -13 -7 129 -2043 -4095 0
-118 -188 -2043 -4095 377 -13 -7 129 10 0
-127 -2043 -188 -13 -7 10 -120 377 0
-2043 -7 129 -188 -13 10 377 -4095 0
d -2046 -3882 -3867 18 12 9 255 264 0
d -2049 -3873 12 9 129 21 -3981 123 -4095 -4080 0
d -3882 -3873 -3996 -3987 -3981 123 129 9 -3975 120 18 21 12 -4095 0
d -3882 -3894 12 129 9 -4095 -3981 21 120 -3990 14 -3999 -3885 18 123 -3975 0
d -3885 -3894 -4095 -3981 -3990 -3999 120 18 21 123 129 12 9 -3975 0
d -3894 -3975 123 120 -4095 -3981 18 129 21 12 -4008 9 -3999 -3990 0
d -3903 -3975 -4095 -3981 120 -4008 18 21 129 12 9 -4026 0
d -3966 -3981 -12 18 21 9 -4008 -3999 -3996 -3990 -3987 -4095 129 0
d -3969 -3972 -3981 -4008 -3999 -3996 -3990 -3987 -4095 -4089 -3978 18 -4005 -3975 -4083 -4092 0
d -3972 -3978 -3981 -3987 -3996 -3999 -3990 18 129 -4095 -4005 -4089 -3975 -4017 -4008 0
d -3990 -4086 -3987 -3999 -3996 -4089 -4080 -4071 -4095 -4017 -4008 -4077 -4005 0
d 1894 -372 -8 13 -2043 -4089 0
d -4080 118 2042 -4095 -189 13 -4089 -4071 -4077 2037 -8 -4086 0
d -2041 -118 13 -4095 -8 2042 -4080 -4089 -4071 -4077 3987 -4086 2037 -3996 -4062 0
d -2037 -3999 129 -188 -3990 -4095 -4089 -4080 -4071 -8 0
d -8 -3990 -4095 -4086 -3999 -4077 -3996 -4008 -4089 -4080 -4071 3987 -4062 -4017 0
d -20 3760 -11 3873 -9 -127 3754 2025 -3980 -188 0
-128 -12 -2042 371 -7 -188 377 -13 0
-13 -7 377 129 -188 -4095 10 0
377 -4095 14 8 0
-255 -118 1895 2042 -15 0
-15 8 -4095 14 0
-9 -13 129 3979 10 -2043 0
-2043 -377 187 -4095 10 -13 15 120 8 3979 0
-127 -189 -2042 -12 -377 -7 -118 -13 0
-12 -13 -377 -118 -4095 2043 8 0
-118 -13 -4095 -377 8 15 10 0
255 -120 1895 2042 -13 378 -11 254 0
-11 8 14 -4095 0
-2043 -1895 129 -13 -7 188 -12 0
14 8 -4095 0
-187 -7 2043 -1895 -14 -128 0
-128 -7 -1895 -14 2043 0
-2042 -7 376 -1895 -14 0
-7 -4095 -14 2043 -1895 129 0
-2041 -9 188 2036 -10 0
-1895 2043 8 -4095 0
255 -128 -2035 -10 -3867 -9 -2042 -14 0
-2035 1895 -187 -10 -2042 -9 -14 -128 0
-2036 -128 -10 -9 -14 -2042 0
-21 -10 377 500 -128 120 -255 0
-17 -128 -621 -9 98 372 21 0
-16 -119 3 249 -31 -10 0
-2037 -31 3866 188 -9 0
-10 1895 -4095 -2042 8 0
-128 -4095 -12 -119 -14 -2042 2037 -7 3866 -189 0
-127 -14 -2042 2037 -1894 -7 0
2037 -2042 -12 -7 -189 -4095 -14 129 -1894 0
-128 -2037 -7 377 -14 3873 -1894 -189 -2 0
-2 -7 254 -12 377 129 -14 -1894 -189 -2037 0
-189 -7 -4095 -1894 -2042 -14 -12 129 0
-119 -7 3873 -3 -14 -253 -2037 -1894 189 -2042 0
-120 129 -7 377 11 -12 0
-376 -14 189 129 -1894 -7 0
-128 -14 -378 -187 -253 -7 -12 -119 0
-2042 -4095 1895 8 0
-378 2035 3865 -12 3979 -14 118 253 0
-2036 -12 253 1 -14 3865 1969 -4095 3979 19 -377 0
-2 -4095 19 1969 -377 -14 0
-127 -14 -1894 -4095 -2041 -7 0
-7 -14 129 -4095 -2041 1895 0
2043 8 -4095 0
-10 -14 -2043 129 8 0
-3980 129 -14 189 -12 -7 0
-118 -12 -14 -2043 -7 495 1896 129 0
187 118 189 3981 -7 129 1896 -12 0
-127 182 -7 1970 -2036 -4095 255 20 -493 -3979 0
-119 -12 262 129 -7 -2036 -4095 255 -493 -3979 -14 0
8 -4095 0
-118 -2033 264 3873 -127 -3979 0
-263 -8 -127 -2036 3642 2025 3873 -2033 0
-2036 -3979 -127 -4095 0
-14 -189 -4095 -127 -3979 -119 0
-262 -127 -4095 -3979 0
-13 -127 -8 -263 -3979 0
-3979 -127 -4095 0
-119 3979 1903 -8 -127 189 0
-2041 -2024 3979 -8 1896 189 -127 0
-3981 -127 -8 2041 0
-188 -127 264 120 -3980 0
189 -127 3979 -8 1896 -2024 0
-3980 -2024 3867 -127 2043 -119 -8 0
-119 -2024 3867 -127 -8 3979 2043 0
-2024 -127 -4095 0
-3981 -118 -127 -4095 0
-2035 -4095 1970 20 -118 -13 0
20 -127 -4095 -118 0
-118 -4095 -127 0
-1905 -8 184 3979 -12 0
-2041 -127 -20 -8 3979 -119 0
2041 -127 -119 -8 3979 0
-127 -4095 0
-13 -12 -4095 -2041 3979 183 120 0
-189 -12 3979 -2041 -4095 0
-14 -8 -12 -2041 189 1896 -128 0
-2041 -12 -4095 3979 0
-118 -4095 15 2037 -254 -128 189 0
-254 -12 119 -4095 2041 0
-188 -13 254 -12 -120 -4095 2041 0
-187 1896 -12 -128 -8 -120 0
-120 254 -12 -4095 2041 0
-2043 -4095 -118 -13 -1895 2036 493 254 -12 0
-1895 -118 254 -12 -13 -4095 2036 3979 493 0
-376 -4095 -13 -12 254 2036 3979 -118 0
-188 3979 -12 254 -4095 -118 0
-189 -4095 -12 3979 0
-2042 -12 3979 -4095 -13 0
-21 -13 185 -2043 1970 -4095 -12 0
-2036 -8 255 -13 -128 -12 1896 3981 189 0
-13 -12 -4095 3979 0
3979 -12 -4095 0
189 -12 -128 -8 1896 -3979 -14 0
-14 -12 -4095 0
-2041 -12 377 254 -13 0
-12 -4095 0
-376 -15 -4095 0
-2042 -4095 0
-15 -4095 -129 0
-129 -4095 0
-120 20 -10 -14 -8 -128 2042 188 0
-182 -4095 -2043 -14 0
-181 120 -4095 1895 0
-2043 -189 -4095 -14 0
-189 -14 -4095 0
-14 -4095 0
-4095 0
-119 -15 -10 -8 -128 2043 189 0
189 -10 -15 -378 120 -128 -8 0
-2042 -10 3867 3981 -8 0
-118 -10 -8 -378 -189 -15 0
-17 -10 3852 1971 -3866 -3980 0
-3866 -10 263 -255 16 -189 -2041 186 -8 -378 0
-18 -10 263 32 -255 -3 0
-3980 -10 -8 3866 -255 16 263 -189 -2041 186 0
-2041 -10 -128 -8 -378 377 120 -15 0
120 -10 -128 -8 -378 377 -15 0
-2042 -8 -10 -120 -378 3981 -128 0
-4093 2033 -19 -2037 183 -8 -128 1971 495 -2041 0
-128 -378 -8 -15 -10 377 0
-2041 -129 -378 189 -8 -10 0
377 -15 -8 -10 376 0
-119 -10 -377 -8 2041 3867 189 0
-2035 -2043 -129 -8 371 -187 2024 3872 -10 0
-187 -8 -10 -2043 -120 -377 3867 183 0
2041 -8 -10 -377 -15 0
-377 -8 -10 -15 0
-129 -15 -10 -8 187 0
-2037 -10 3981 -8 2041 20 -15 0
2041 -10 -8 262 -188 3981 20 -15 0
-120 -8 -15 -31 -10 187 0
-2041 -128 2034 3981 -376 -10 0
-31 -10 -8 -15 187 0
-3979 2037 -33 187 -8 -376 -10 0
2041 -10 -8 -15 187 0
187 -15 -8 -10 0
-33 -8 -10 -2037 -15 0
-20 499 253 118 -376 11 13 -187 -8 2041 -2037 -31 0
-119 -15 253 -376 11 13 -187 -8 0
-255 -15 -10 -8 0
-128 -15 -10 -8 2037 0
2037 -10 -15 -8 0
-8 -10 -15 0
-187 -9 1896 2043 -376 -10 0
-2037 -376 -1895 -10 -120 -15 0
-1895 -120 -15 -376 -10 0
-120 -10 -15 -376 0
-376 -10 -15 0
-128 120 -15 -10 181 -4094 0
-119 -10 -15 -4094 -1894 -129 0
-1894 -10 120 -15 0
-118 -1895 -15 -10 0
120 -15 -10 0
-613 1877 -2025 -187 360 -3746 -2042 1885 137 -253 -10 0
-187 -10 -128 -15 0
-2042 -10 -120 -9 376 183 -188 -128 1896 0
-128 -10 -15 0
-188 -10 1896 183 -377 -129 -9 0
-15 -10 0
-120 2042 -10 89 188 -9 0
-377 -10 -9 188 119 89 1896 0
-118 -9 377 -10 0
-120 -10 -9 188 -182 0
188 -10 -182 -9 0
-182 -10 -9 0
-2041 262 -128 118 -10 0
-119 1894 -2042 -10 -9 -128 0
129 -10 -9 0
-253 1971 3 -187 -10 0
-120 1894 2041 253 -10 -9 0
-2043 -129 2036 1894 -376 -14 3980 253 -9 0
-2 -9 -10 -187 0
-255 -4093 -10 21 -129 -1 1894 378 -119 2041 0
1894 -187 -10 -9 0
-187 -10 -9 0
-1894 -9 -10 0
-4094 -10 -9 0
-120 -4093 -376 -10 -9 0
255 -9 -10 -4093 -376 -500 0
-2041 495 -4093 188 -9 -10 0
-255 -119 -10 -4093 -9 0
-376 -10 -9 -4093 0
-2036 -10 255 3 3867 1971 -4093 3981 21 -377 0
-2 -4093 21 1971 -377 -14 0
-2043 -4093 -10 -9 0
2036 -377 -2041 -9 -10 0
-9 -10 0
-2041 -8 118 -129 494 12 2037 -4093 0
-2036 -4093 -10 371 -129 0
-377 -10 0
-4093 -2043 -10 -129 0
-253 -10 -120 3979 184 3756 -2043 0
-3981 -10 3867 3756 -120 -129 -123 0
-2043 -10 -129 0
-120 -10 -129 0
-129 -10 0
-119 -10 -2041 0
-2041 -189 -10 0
-118 -10 -189 0
-189 -10 0
-10 0
-14 2034 129 -119 501 -187 3981 0
-8 -187 -119 -378 -2043 0
-128 -187 -13 -378 -2043 -119 0
-129 -119 8 -378 0
-32 -119 -187 -378 -2043 0
-13 -187 -378 -2043 -119 0
-119 -378 -2043 189 0
-127 -2043 -13 -120 377 -11 189 0
-188 -13 24 3972 -11 3858 -7 2034 0
-378 189 -2043 377 118 0
-187 -11 -2043 -13 118 1895 -376 0
-11 -13 -2043 378 118 189 -376 -4094 0
-188 -4094 -376 3981 -12 2037 118 -8 0
-120 -2043 -12 -187 -8 -128 0
-181 -12 23 89 -187 0
-8 -13 -12 189 -2043 118 -4094 -376 0
-13 -2043 118 377 189 0
-7 -12 189 3981 118 -14 -376 377 0
-119 -12 -376 189 -14 -8 0
-12 189 -2043 118 377 0
-90 124 28 -120 0
-125 -11 -120 -22 -7 -129 -89 0
-126 1888 2035 -11 4087 3871 -2043 -15 0
-2037 1888 -15 -188 33 264 12 -7 370 -2043 0
-1894 370 -129 264 12 2023 -15 -11 -188 -2043 4087 0
-1971 -11 121 1 -15 0
-1889 -11 1896 1971 -376 -7 189 3966 -371 0
3 -11 183 1896 -376 189 -2043 -15 264 12 0
377 -2043 189 118 0
-19 500 -120 -253 12 -7 0
-371 -377 1 19 -120 247 493 -11 0
3 19 -377 264 33 255 12 -7 0
-129 189 -7 247 -120 -2043 -377 19 12 0
-2035 -377 1896 189 -127 -7 0
-188 -11 -120 2035 -2043 -127 -7 -377 0
-2 493 -1894 247 -11 2035 -2043 -15 19 121 -377 0
-7 -120 -2043 -11 -377 189 0
-11 189 -2043 118 0
-8 -2043 -12 189 118 0
-127 -2043 -377 182 20 -4093 -3979 -7 0
-128 -12 262 31 -119 0
-119 -377 -2043 -7 -187 -12 0
-187 -7 -377 11 -12 -2043 118 0
-2043 118 189 0
-1896 -188 2043 -120 -377 -12 0
187 -12 118 189 -120 -377 0
-377 118 189 -120 -12 0
-187 2043 -8 -120 -376 -12 0
-12 189 -120 118 0
-13 -188 -11 -2041 -120 0
-378 3760 -11 -127 -3755 3866 370 -2025 -9 -120 0
-127 -188 -2041 -11 377 -9 -120 0
-9 -188 -11 -2041 377 -120 0
-7 -11 -15 245 -188 1886 3981 12 -181 2043 0
-188 -11 -120 12 2043 0
-181 -120 -187 -11 -2041 0
-368 -2041 -11 -120 12 -187 0
-1894 -11 3760 -9 -120 -2041 3756 -187 0
-127 1894 -9 -11 -187 -2041 0
-124 -120 -11 -187 -2041 -367 0
378 -11 -9 -120 -187 -2041 0
-9 -11 -120 -2041 -187 2032 0
-2041 12 -11 -120 -187 0
-1905 -2042 262 3985 -15 -120 0
-3986 -15 -7 -11 -2042 12 -2037 -120 262 0
-2034 3970 21 12 129 -7 254 3745 -2037 -120 0
-15 -7 12 -120 -187 -11 -2042 0
-7 -11 -120 189 2043 12 0
-2037 -187 -11 1969 -129 -120 -9 0
-1894 -2035 -253 501 -11 -129 -9 -187 0
-377 -2035 -9 1894 -2042 -11 -187 2032 501 0
-129 -9 -2042 -120 -11 -187 0
-120 189 118 0
-15 -187 -11 -9 2043 -119 0
-9 -119 2043 -11 -187 0
-11 2043 -119 189 0
-127 -119 15 -2041 -187 0
-13 -12 -2041 -119 -128 0
377 -12 -2041 189 118 378 0
-2041 -12 189 118 0
-377 -12 -187 -119 -2042 0
-13 -12 -187 -2042 -119 0
-128 177 -119 -7 182 -12 1895 -187 377 -4093 0
189 118 0
-4093 -189 -127 15 -119 183 2043 0
d -7 -10 0
d 8 -4095 0
d -9 -10 0
d -10 -13 0
d -10 -127 0
d -10 -11 0
d -10 -12 0
d -10 -15 0
d -10 -377 0
d -10 -129 0
d -10 -189 0
d -12 -4095 0
d -14 -4095 0
d -127 -4095 0
d -129 -4095 0
d -2042 -4095 0
d -4093 -4095 0
d -4094 -4095 0
d -121 -1 -10 0
d -253 -1 -10 0
d -4 -256 -10 0
d -7 -10 -253 0
d -7 -10 -262 0
d -4089 -9 -4095 0
d -10 -13 -2041 0
d -121 -16 -10 0
d -16 -247 -10 0
d -16 -268 -10 0
d -121 -19 -10 0
d -133 -19 -10 0
d -136 -19 -10 0
d -88 -22 -10 0
d -91 -25 -10 0
d -28 -259 -10 0
d -31 -118 -10 0
d -262 -31 -10 0
d -34 -265 -10 0
d -268 -37 -10 0
d -40 -271 -10 0
d -43 -274 -10 0
d -46 -277 -10 0
d -280 -49 -10 0
d -52 -283 -10 0
d -55 -286 -10 0
d -58 -289 -10 0
d -61 -292 -10 0
d -64 -295 -10 0
d -67 -298 -10 0
d -70 -301 -10 0
d -76 -307 -10 0
d -382 -88 -10 0
d -91 -385 -10 0
d -94 -259 -10 0
d -94 -511 -10 0
d -121 -97 -10 0
d -97 -262 -10 0
d -97 -514 -10 0
d -100 -388 -10 0
d -100 -637 -10 0
d -103 -391 -10 0
d -103 -640 -10 0
d -106 -394 -10 0
d -106 -643 -10 0
d -109 -517 -10 0
d -115 -523 -10 0
d -124 -118 -10 0
d -376 -118 -10 0
d -130 -124 -10 0
d -124 -493 -10 0
d -10 -127 -133 0
d -10 -127 -499 0
d -130 -139 -10 0
d -130 -604 -10 0
d -142 -133 -10 0
d -613 -133 -10 0
d -136 -145 -10 0
d -136 -619 -10 0
d -139 -148 -10 0
d -139 -715 -10 0
d -142 -151 -10 0
d -142 -724 -10 0
d -154 -145 -10 0
d -145 -733 -10 0
d -148 -157 -10 0
d -148 -826 -10 0
d -151 -160 -10 0
d -151 -835 -10 0
d -154 -163 -10 0
d -154 -844 -10 0
d -157 -166 -10 0
d -157 -937 -10 0
d -160 -946 -10 0
d -163 -955 -10 0
d -166 -172 -10 0
d -175 -3970 -10 0
d -178 -3973 -10 0
d -187 -181 -10 0
d -1894 -181 -10 0
d -2047 -181 -10 0
d -184 -1903 -10 0
d -2044 -184 -10 0
d -187 -2032 -10 0
d -187 -2041 -10 0
d -202 -325 -10 0
d -208 -331 -10 0
d -211 -334 -10 0
d -214 -337 -10 0
d -217 -340 -10 0
d -220 -343 -10 0
d -223 -346 -10 0
d -226 -349 -10 0
d -229 -352 -10 0
d -232 -355 -10 0
d -235 -358 -10 0
d -238 -361 -10 0
d -241 -364 -10 0
d -367 -244 -10 0
d -370 -247 -10 0
d -250 -373 -10 0
d -376 -253 -10 0
d -379 -256 -10 0
d -265 -388 -10 0
d -268 -391 -10 0
d -271 -394 -10 0
d -274 -397 -10 0
d -400 -277 -10 0
d -403 -280 -10 0
d -283 -406 -10 0
d -286 -409 -10 0
d -289 -412 -10 0
d -292 -415 -10 0
d -298 -421 -10 0
d -316 -439 -10 0
d -322 -445 -10 0
d -325 -448 -10 0
d -328 -451 -10 0
d -331 -454 -10 0
d -334 -457 -10 0
d -337 -460 -10 0
d -340 -463 -10 0
d -343 -466 -10 0
d -346 -469 -10 0
d -349 -472 -10 0
d -352 -475 -10 0
d -355 -478 -10 0
d -481 -358 -10 0
d -361 -484 -10 0
d -364 -487 -10 0
d -367 -490 -10 0
d -493 -370 -10 0
d -373 -496 -10 0
d -376 -499 -10 0
d -379 -502 -10 0
d -382 -505 -10 0
d -385 -508 -10 0
d -397 -517 -10 0
d -400 -520 -10 0
d -403 -523 -10 0
d -406 -526 -10 0
d -412 -532 -10 0
d -430 -550 -10 0
d -436 -556 -10 0
d -439 -559 -10 0
d -442 -562 -10 0
d -445 -565 -10 0
d -448 -568 -10 0
d -451 -571 -10 0
d -454 -574 -10 0
d -457 -577 -10 0
d -460 -580 -10 0
d -463 -583 -10 0
d -586 -466 -10 0
d -469 -589 -10 0
d -472 -592 -10 0
d -595 -475 -10 0
d -478 -598 -10 0
d -601 -481 -10 0
d -604 -484 -10 0
d -487 -607 -10 0
d -610 -490 -10 0
d -493 -613 -10 0
d -496 -616 -10 0
d -499 -619 -10 0
d -502 -622 -10 0
d -505 -625 -10 0
d -508 -628 -10 0
d -511 -631 -10 0
d -634 -514 -10 0
d -541 -661 -10 0
d -547 -667 -10 0
d -550 -670 -10 0
d -553 -673 -10 0
d -556 -676 -10 0
d -559 -679 -10 0
d -562 -682 -10 0
d -565 -685 -10 0
d -568 -688 -10 0
d -571 -691 -10 0
d -574 -694 -10 0
d -577 -697 -10 0
d -580 -700 -10 0
d -583 -703 -10 0
d -586 -706 -10 0
d -589 -709 -10 0
d -592 -712 -10 0
d -595 -715 -10 0
d -598 -718 -10 0
d -601 -721 -10 0
d -604 -724 -10 0
d -607 -727 -10 0
d -610 -730 -10 0
d -733 -613 -10 0
d -616 -736 -10 0
d -739 -619 -10 0
d -622 -742 -10 0
d -625 -745 -10 0
d -628 -748 -10 0
d -631 -751 -10 0
d -634 -754 -10 0
d -637 -757 -10 0
d -643 -763 -10 0
d -661 -781 -10 0
d -667 -787 -10 0
d -670 -790 -10 0
d -673 -793 -10 0
d -676 -796 -10 0
d -679 -799 -10 0
d -682 -802 -10 0
d -685 -805 -10 0
d -688 -808 -10 0
d -691 -811 -10 0
d -694 -814 -10 0
d -697 -817 -10 0
d -700 -820 -10 0
d -703 -823 -10 0
d -706 -826 -10 0
d -709 -829 -10 0
d -712 -832 -10 0
d -715 -835 -10 0
d -718 -838 -10 0
d -721 -841 -10 0
d -844 -724 -10 0
d -727 -847 -10 0
d -730 -850 -10 0
d -853 -733 -10 0
d -736 -856 -10 0
d -739 -859 -10 0
d -742 -862 -10 0
d -745 -865 -10 0
d -748 -868 -10 0
d -751 -871 -10 0
d -772 -892 -10 0
d -778 -898 -10 0
d -781 -901 -10 0
d -784 -904 -10 0
d -787 -907 -10 0
d -790 -910 -10 0
d -793 -913 -10 0
d -796 -916 -10 0
d -799 -919 -10 0
d -802 -922 -10 0
d -805 -925 -10 0
d -808 -928 -10 0
d -811 -931 -10 0
d -814 -934 -10 0
d -817 -937 -10 0
d -820 -940 -10 0
d -823 -943 -10 0
d -826 -946 -10 0
d -829 -949 -10 0
d -832 -952 -10 0
d -835 -955 -10 0
d -838 -958 -10 0
d -841 -961 -10 0
d -844 -964 -10 0
d -847 -967 -10 0
d -850 -970 -10 0
d -853 -973 -10 0
d -856 -976 -10 0
d -859 -979 -10 0
d -862 -982 -10 0
d -865 -985 -10 0
d -868 -988 -10 0
d -883 -1006 -10 0
d -889 -1012 -10 0
d -892 -1015 -10 0
d -895 -1018 -10 0
d -898 -1021 -10 0
d -901 -1024 -10 0
d -904 -1027 -10 0
d -907 -1030 -10 0
d -910 -1033 -10 0
d -913 -1036 -10 0
d -916 -1039 -10 0
d -919 -1042 -10 0
d -922 -1045 -10 0
d -925 -1048 -10 0
d -928 -1051 -10 0
d -931 -1054 -10 0
d -934 -1057 -10 0
d -937 -1060 -10 0
d -940 -1063 -10 0
d -943 -1066 -10 0
d -946 -1069 -10 0
d -949 -1072 -10 0
d -952 -1075 -10 0
d -955 -1078 -10 0
d -958 -1081 -10 0
d -961 -1084 -10 0
d -964 -1087 -10 0
d -967 -1090 -10 0
d -970 -1093 -10 0
d -973 -1096 -10 0
d -976 -1099 -10 0
d -982 -1102 -10 0
d -997 -1120 -10 0
d -1003 -1126 -10 0
d -1006 -1129 -10 0
d -1009 -1132 -10 0
d -1012 -1135 -10 0
d -1015 -1138 -10 0
d -1018 -1141 -10 0
d -1021 -1144 -10 0
d -1024 -1147 -10 0
d -1027 -1150 -10 0
d -1030 -1153 -10 0
d -1033 -1156 -10 0
d -1036 -1159 -10 0
d -1039 -1162 -10 0
d -1042 -1165 -10 0
d -1045 -1168 -10 0
d -1048 -1171 -10 0
d -1051 -1174 -10 0
d -1054 -1177 -10 0
d -1057 -1180 -10 0
d -1060 -1183 -10 0
d -1063 -1186 -10 0
d -1066 -1189 -10 0
d -1069 -1192 -10 0
d -1072 -1195 -10 0
d -1075 -1198 -10 0
d -1078 -1201 -10 0
d -1081 -1204 -10 0
d -1084 -1207 -10 0
d -1087 -1210 -10 0
d -1090 -1213 -10 0
d -1093 -1216 -10 0
d -1099 -1219 -10 0
d -1126 -1237 -10 0
d -1129 -1240 -10 0
d -1135 -1246 -10 0
d -1138 -1249 -10 0
d -1141 -1252 -10 0
d -1144 -1255 -10 0
d -1147 -1258 -10 0
d -1150 -1261 -10 0
d -1153 -1264 -10 0
d -1156 -1267 -10 0
d -1159 -1270 -10 0
d -1162 -1273 -10 0
d -1165 -1276 -10 0
d -1168 -1279 -10 0
d -1171 -1282 -10 0
d -1174 -1285 -10 0
d -1177 -1288 -10 0
d -1180 -1291 -10 0
d -1183 -1294 -10 0
d -1186 -1297 -10 0
d -1189 -1300 -10 0
d -1192 -1303 -10 0
d -1195 -1306 -10 0
d -1198 -1309 -10 0
d -1201 -1312 -10 0
d -1204 -1315 -10 0
d -1207 -1318 -10 0
d -1213 -1321 -10 0
d -1228 -1339 -10 0
d -1231 -1342 -10 0
d -1237 -1348 -10 0
d -1240 -1351 -10 0
d -1243 -1354 -10 0
d -1246 -1357 -10 0
d -1249 -1360 -10 0
d -1252 -1363 -10 0
d -1255 -1366 -10 0
d -1258 -1369 -10 0
d -1261 -1372 -10 0
d -1264 -1375 -10 0
d -1267 -1378 -10 0
d -1270 -1381 -10 0
d -1273 -1384 -10 0
d -1276 -1387 -10 0
d -1279 -1390 -10 0
d -1282 -1393 -10 0
d -1285 -1396 -10 0
d -1288 -1399 -10 0
d -1291 -1402 -10 0
d -1294 -1405 -10 0
d -1297 -1408 -10 0
d -1300 -1411 -10 0
d -1303 -1414 -10 0
d -1306 -1417 -10 0
d -1333 -1435 -10 0
d -1339 -1441 -10 0
d -1342 -1444 -10 0
d -1345 -1447 -10 0
d -1348 -1450 -10 0
d -1351 -1453 -10 0
d -1354 -1456 -10 0
d -1357 -1459 -10 0
d -1360 -1462 -10 0
d -1363 -1465 -10 0
d -1366 -1468 -10 0
d -1369 -1471 -10 0
d -1372 -1474 -10 0
d -1375 -1477 -10 0
d -1378 -1480 -10 0
d -1381 -1483 -10 0
d -1384 -1486 -10 0
d -1387 -1489 -10 0
d -1390 -1492 -10 0
d -1393 -1495 -10 0
d -1396 -1498 -10 0
d -1399 -1501 -10 0
d -1402 -1504 -10 0
d -1405 -1507 -10 0
d -1408 -1510 -10 0
d -1426 -1528 -10 0
d -1432 -1534 -10 0
d -1435 -1537 -10 0
d -1438 -1540 -10 0
d -1441 -1543 -10 0
d -1444 -1546 -10 0
d -1447 -1549 -10 0
d -1450 -1552 -10 0
d -1453 -1555 -10 0
d -1456 -1558 -10 0
d -1459 -1561 -10 0
d -1462 -1564 -10 0
d -1465 -1567 -10 0
d -1468 -1570 -10 0
d -1471 -1573 -10 0
d -1474 -1576 -10 0
d -1477 -1579 -10 0
d -1480 -1582 -10 0
d -1483 -1585 -10 0
d -1486 -1588 -10 0
d -1489 -1591 -10 0
d -1492 -1594 -10 0
d -1498 -1597 -10 0
d -1501 -1600 -10 0
d -1519 -1618 -10 0
d -1525 -1624 -10 0
d -1528 -1627 -10 0
d -1531 -1630 -10 0
d -1537 -1636 -10 0
d -1540 -1639 -10 0
d -1543 -1642 -10 0
d -1546 -1645 -10 0
d -1549 -1648 -10 0
d -1552 -1651 -10 0
d -1555 -1654 -10 0
d -1558 -1657 -10 0
d -1561 -1660 -10 0
d -1564 -1663 -10 0
d -1567 -1666 -10 0
d -1570 -1669 -10 0
d -1573 -1672 -10 0
d -1576 -1675 -10 0
d -1582 -1678 -10 0
d -1585 -1681 -10 0
d -1591 -1684 -10 0
d -1609 -1693 -10 0
d -1618 -1702 -10 0
d -1627 -1711 -10 0
d -1630 -1714 -10 0
d -1633 -1717 -10 0
d -1636 -1720 -10 0
d -1639 -1723 -10 0
d -1642 -1726 -10 0
d -1645 -1729 -10 0
d -1648 -1732 -10 0
d -1651 -1735 -10 0
d -1654 -1738 -10 0
d -1657 -1741 -10 0
d -1663 -1744 -10 0
d -1666 -1747 -10 0
d -1672 -1750 -10 0
d -1702 -1768 -10 0
d -1708 -1774 -10 0
d -1711 -1777 -10 0
d -1714 -1780 -10 0
d -1720 -1783 -10 0
d -1723 -1786 -10 0
d -1729 -1789 -10 0
d -1732 -1792 -10 0
d -1738 -1795 -10 0
d -1759 -1807 -10 0
d -1768 -1813 -10 0
d -1771 -1816 -10 0
d -1777 -1819 -10 0
d -1783 -1822 -10 0
d -1801 -1831 -10 0
d -1807 -1834 -10 0
d -1843 -4042 -10 0
d -1849 -4048 -10 0
d -1852 -3928 -10 0
d -1852 -4051 -10 0
d -1855 -4054 -10 0
d -1858 -3934 -10 0
d -1858 -4057 -10 0
d -1861 -3937 -10 0
d -1861 -4060 -10 0
d -1864 -3940 -10 0
d -1864 -4063 -10 0
d -1867 -3943 -10 0
d -1867 -4066 -10 0
d -1870 -3946 -10 0
d -1870 -4069 -10 0
d -1873 -3949 -10 0
d -1873 -4072 -10 0
d -3952 -1876 -10 0
d -1876 -4075 -10 0
d -1879 -3955 -10 0
d -1879 -4078 -10 0
d -1882 -3958 -10 0
d -1882 -4081 -10 0
d -3961 -1885 -10 0
d -1885 -4084 -10 0
d -1888 -3964 -10 0
d -1888 -4087 -10 0
d -1891 -3967 -10 0
d -1891 -4090 -10 0
d -1969 -1894 -10 0
d -4093 -1894 -10 0
d -12 -1896 -4095 0
d -1897 -1972 -10 0
d -1900 -3976 -10 0
d -3979 -1903 -10 0
d -1906 -3982 -10 0
d -1909 -3985 -10 0
d -1912 -3988 -10 0
d -1915 -3991 -10 0
d -1918 -3994 -10 0
d -1921 -3997 -10 0
d -1924 -4000 -10 0
d -1927 -4003 -10 0
d -1930 -4006 -10 0
d -1933 -4009 -10 0
d -1936 -4012 -10 0
d -1939 -4015 -10 0
d -1945 -3724 -10 0
d -1951 -3601 -10 0
d -1951 -3841 -10 0
d -1954 -3604 -10 0
d -1954 -3844 -10 0
d -1957 -3607 -10 0
d -1957 -3847 -10 0
d -1960 -3730 -10 0
d -1960 -3961 -10 0
d -1963 -3733 -10 0
d -1963 -3964 -10 0
d -1966 -3736 -10 0
d -1966 -3967 -10 0
d -3850 -1969 -10 0
d -1972 -3853 -10 0
d -1981 -1990 -10 0
d -1984 -1993 -10 0
d -1990 -1999 -10 0
d -1993 -2002 -10 0
d -1996 -2005 -10 0
d -1996 -3418 -10 0
d -1999 -2008 -10 0
d -1999 -3427 -10 0
d -2002 -2011 -10 0
d -2002 -3436 -10 0
d -2005 -2014 -10 0
d -2005 -3538 -10 0
d -2008 -2017 -10 0
d -2008 -3547 -10 0
d -2011 -2020 -10 0
d -2011 -3556 -10 0
d -2014 -2023 -10 0
d -2014 -3649 -10 0
d -2017 -2026 -10 0
d -3658 -2017 -10 0
d -2020 -2029 -10 0
d -2020 -3667 -10 0
d -2023 -2032 -10 0
d -2023 -3760 -10 0
d -2026 -2035 -10 0
d -2026 -3769 -10 0
d -2029 -2038 -10 0
d -2029 -3778 -10 0
d -3865 -2032 -10 0
d -2035 -2041 -10 0
d -2035 -3871 -10 0
d -2038 -2044 -10 0
d -3880 -2038 -10 0
d -2041 -3979 -10 0
d -2044 -3985 -10 0
d -2047 -4087 -10 0
d -2056 -2158 -10 0
d -2059 -2161 -10 0
d -2062 -2164 -10 0
d -2131 -2248 -10 0
d -2134 -2251 -10 0
d -2137 -2254 -10 0
d -2140 -2257 -10 0
d -2143 -2260 -10 0
d -2146 -2263 -10 0
d -2149 -2266 -10 0
d -2152 -2269 -10 0
d -2155 -2272 -10 0
d -2158 -2275 -10 0
d -2161 -2278 -10 0
d -2164 -2281 -10 0
d -2167 -2284 -10 0
d -2173 -2290 -10 0
d -2224 -2341 -10 0
d -2230 -2347 -10 0
d -2233 -2350 -10 0
d -2236 -2353 -10 0
d -2239 -2356 -10 0
d -2242 -2359 -10 0
d -2245 -2362 -10 0
d -2248 -2365 -10 0
d -2251 -2368 -10 0
d -2254 -2371 -10 0
d -2257 -2374 -10 0
d -2260 -2377 -10 0
d -2263 -2380 -10 0
d -2266 -2383 -10 0
d -2269 -2386 -10 0
d -2272 -2389 -10 0
d -2275 -2392 -10 0
d -2281 -2398 -10 0
d -2329 -2446 -10 0
d -2332 -2449 -10 0
d -2335 -2452 -10 0
d -2338 -2455 -10 0
d -2341 -2458 -10 0
d -2344 -2461 -10 0
d -2347 -2464 -10 0
d -2350 -2467 -10 0
d -2353 -2470 -10 0
d -2356 -2473 -10 0
d -2359 -2476 -10 0
d -2362 -2479 -10 0
d -2365 -2482 -10 0
d -2368 -2485 -10 0
d -2371 -2488 -10 0
d -2374 -2491 -10 0
d -2377 -2494 -10 0
d -2380 -2497 -10 0
d -2383 -2500 -10 0
d -2389 -2506 -10 0
d -2422 -2542 -10 0
d -2428 -2548 -10 0
d -2431 -2551 -10 0
d -2434 -2554 -10 0
d -2437 -2557 -10 0
d -2440 -2560 -10 0
d -2443 -2563 -10 0
d -2446 -2566 -10 0
d -2449 -2569 -10 0
d -2452 -2572 -10 0
d -2455 -2575 -10 0
d -2458 -2578 -10 0
d -2461 -2581 -10 0
d -2464 -2584 -10 0
d -2467 -2587 -10 0
d -2470 -2590 -10 0
d -2473 -2593 -10 0
d -2476 -2596 -10 0
d -2479 -2599 -10 0
d -2482 -2602 -10 0
d -2485 -2605 -10 0
d -2488 -2608 -10 0
d -2491 -2611 -10 0
d -2494 -2614 -10 0
d -2497 -2617 -10 0
d -2533 -2653 -10 0
d -2539 -2659 -10 0
d -2542 -2662 -10 0
d -2545 -2665 -10 0
d -2548 -2668 -10 0
d -2551 -2671 -10 0
d -2554 -2674 -10 0
d -2557 -2677 -10 0
d -2560 -2680 -10 0
d -2563 -2683 -10 0
d -2566 -2686 -10 0
d -2569 -2689 -10 0
d -2572 -2692 -10 0
d -2575 -2695 -10 0
d -2578 -2698 -10 0
d -2581 -2701 -10 0
d -2584 -2704 -10 0
d -2587 -2707 -10 0
d -2590 -2710 -10 0
d -2593 -2713 -10 0
d -2596 -2716 -10 0
d -2599 -2719 -10 0
d -2602 -2722 -10 0
d -2605 -2725 -10 0
d -2608 -2728 -10 0
d -2644 -2764 -10 0
d -2650 -2770 -10 0
d -2653 -2773 -10 0
d -2656 -2776 -10 0
d -2659 -2779 -10 0
d -2662 -2782 -10 0
d -2665 -2785 -10 0
d -2668 -2788 -10 0
d -2671 -2791 -10 0
d -2674 -2794 -10 0
d -2677 -2797 -10 0
d -2680 -2800 -10 0
d -2683 -2803 -10 0
d -2686 -2806 -10 0
d -2689 -2809 -10 0
d -2692 -2812 -10 0
d -2695 -2815 -10 0
d -2698 -2818 -10 0
d -2701 -2821 -10 0
d -2704 -2824 -10 0
d -2707 -2827 -10 0
d -2710 -2830 -10 0
d -2713 -2833 -10 0
d -2716 -2836 -10 0
d -2719 -2839 -10 0
d -2722 -2842 -10 0
d -2725 -2845 -10 0
d -2728 -2848 -10 0
d -2731 -2851 -10 0
d -2737 -2857 -10 0
d -2755 -2890 -10 0
d -2761 -2896 -10 0
d -2764 -2899 -10 0
d -2767 -2902 -10 0
d -2770 -2905 -10 0
d -2773 -2908 -10 0
d -2776 -2911 -10 0
d -2779 -2914 -10 0
d -2782 -2917 -10 0
d -2785 -2920 -10 0
d -2788 -2923 -10 0
d -2791 -2926 -10 0
d -2794 -2929 -10 0
d -2797 -2932 -10 0
d -2800 -2935 -10 0
d -2803 -2938 -10 0
d -2806 -2941 -10 0
d -2809 -2944 -10 0
d -2812 -2947 -10 0
d -2815 -2950 -10 0
d -2818 -2953 -10 0
d -2821 -2956 -10 0
d -2824 -2959 -10 0
d -2827 -2962 -10 0
d -2830 -2965 -10 0
d -2833 -2968 -10 0
d -2836 -2971 -10 0
d -2839 -2974 -10 0
d -2842 -2977 -10 0
d -2848 -2983 -10 0
d -2881 -3010 -10 0
d -2887 -3016 -10 0
d -2890 -3019 -10 0
d -2893 -3022 -10 0
d -2896 -3025 -10 0
d -2899 -3028 -10 0
d -2902 -3031 -10 0
d -2905 -3034 -10 0
d -2908 -3037 -10 0
d -2911 -3040 -10 0
d -2914 -3043 -10 0
d -2917 -3046 -10 0
d -2920 -3049 -10 0
d -2923 -3052 -10 0
d -2926 -3055 -10 0
d -2929 -3058 -10 0
d -2932 -3061 -10 0
d -2935 -3064 -10 0
d -2938 -3067 -10 0
d -2941 -3070 -10 0
d -2944 -3073 -10 0
d -2947 -3076 -10 0
d -2950 -3079 -10 0
d -2953 -3082 -10 0
d -2956 -3085 -10 0
d -2959 -3088 -10 0
d -2962 -3091 -10 0
d -2965 -3094 -10 0
d -2968 -3097 -10 0
d -2974 -3103 -10 0
d -3004 -3133 -10 0
d -3007 -3136 -10 0
d -3010 -3139 -10 0
d -3013 -3142 -10 0
d -3016 -3145 -10 0
d -3019 -3148 -10 0
d -3022 -3151 -10 0
d -3025 -3154 -10 0
d -3028 -3157 -10 0
d -3031 -3160 -10 0
d -3034 -3163 -10 0
d -3037 -3166 -10 0
d -3040 -3169 -10 0
d -3043 -3172 -10 0
d -3046 -3175 -10 0
d -3049 -3178 -10 0
d -3052 -3181 -10 0
d -3055 -3184 -10 0
d -3058 -3187 -10 0
d -3061 -3190 -10 0
d -3064 -3193 -10 0
d -3067 -3196 -10 0
d -3070 -3199 -10 0
d -3073 -3202 -10 0
d -3076 -3205 -10 0
d -3079 -3208 -10 0
d -3082 -3211 -10 0
d -3085 -3214 -10 0
d -3088 -3217 -10 0
d -3091 -3220 -10 0
d -3094 -3223 -10 0
d -3130 -3256 -10 0
d -3133 -3259 -10 0
d -3136 -3262 -10 0
d -3139 -3265 -10 0
d -3142 -3268 -10 0
d -3145 -3271 -10 0
d -3148 -3274 -10 0
d -3151 -3277 -10 0
d -3154 -3280 -10 0
d -3157 -3283 -10 0
d -3160 -3286 -10 0
d -3163 -3289 -10 0
d -3166 -3292 -10 0
d -3169 -3295 -10 0
d -3172 -3298 -10 0
d -3175 -3301 -10 0
d -3178 -3304 -10 0
d -3181 -3307 -10 0
d -3184 -3310 -10 0
d -3187 -3313 -10 0
d -3190 -3316 -10 0
d -3193 -3319 -10 0
d -3196 -3322 -10 0
d -3199 -3325 -10 0
d -3202 -3328 -10 0
d -3205 -3331 -10 0
d -3208 -3334 -10 0
d -3211 -3337 -10 0
d -3214 -3340 -10 0
d -3244 -3370 -10 0
d -3250 -3376 -10 0
d -3253 -3379 -10 0
d -3256 -3382 -10 0
d -3259 -3385 -10 0
d -3262 -3388 -10 0
d -3265 -3391 -10 0
d -3268 -3394 -10 0
d -3271 -3397 -10 0
d -3274 -3400 -10 0
d -3277 -3403 -10 0
d -3280 -3406 -10 0
d -3283 -3409 -10 0
d -3286 -3412 -10 0
d -3289 -3415 -10 0
d -3292 -3418 -10 0
d -3295 -3421 -10 0
d -3298 -3424 -10 0
d -3301 -3427 -10 0
d -3304 -3430 -10 0
d -3307 -3433 -10 0
d -3310 -3436 -10 0
d -3313 -3439 -10 0
d -3316 -3442 -10 0
d -3319 -3445 -10 0
d -3322 -3448 -10 0
d -3325 -3451 -10 0
d -3328 -3454 -10 0
d -3331 -3457 -10 0
d -3364 -3493 -10 0
d -3370 -3499 -10 0
d -3373 -3502 -10 0
d -3376 -3505 -10 0
d -3379 -3508 -10 0
d -3382 -3511 -10 0
d -3385 -3514 -10 0
d -3388 -3517 -10 0
d -3520 -3391 -10 0
d -3394 -3523 -10 0
d -3397 -3526 -10 0
d -3400 -3529 -10 0
d -3403 -3532 -10 0
d -3406 -3535 -10 0
d -3409 -3538 -10 0
d -3412 -3541 -10 0
d -3415 -3544 -10 0
d -3418 -3547 -10 0
d -3421 -3550 -10 0
d -3424 -3553 -10 0
d -3427 -3556 -10 0
d -3430 -3559 -10 0
d -3433 -3562 -10 0
d -3436 -3565 -10 0
d -3439 -3568 -10 0
d -3442 -3571 -10 0
d -3445 -3574 -10 0
d -3448 -3577 -10 0
d -3451 -3580 -10 0
d -3454 -3583 -10 0
d -3457 -3586 -10 0
d -3460 -3589 -10 0
d -3466 -3595 -10 0
d -3484 -3604 -10 0
d -3490 -3610 -10 0
d -3493 -3613 -10 0
d -3496 -3616 -10 0
d -3499 -3619 -10 0
d -3502 -3622 -10 0
d -3505 -3625 -10 0
d -3508 -3628 -10 0
d -3511 -3631 -10 0
d -3514 -3634 -10 0
d -3517 -3637 -10 0
d -3520 -3640 -10 0
d -3523 -3643 -10 0
d -3526 -3646 -10 0
d -3529 -3649 -10 0
d -3532 -3652 -10 0
d -3535 -3655 -10 0
d -3538 -3658 -10 0
d -3541 -3661 -10 0
d -3544 -3664 -10 0
d -3547 -3667 -10 0
d -3550 -3670 -10 0
d -3553 -3673 -10 0
d -3556 -3676 -10 0
d -3559 -3679 -10 0
d -3562 -3682 -10 0
d -3565 -3685 -10 0
d -3568 -3688 -10 0
d -3571 -3691 -10 0
d -3574 -3694 -10 0
d -3577 -3697 -10 0
d -3580 -3700 -10 0
d -3586 -3706 -10 0
d -3610 -3730 -10 0
d -3613 -3733 -10 0
d -3616 -3736 -10 0
d -3619 -3739 -10 0
d -3622 -3742 -10 0
d -3625 -3745 -10 0
d -3628 -3748 -10 0
d -3631 -3751 -10 0
d -3634 -3754 -10 0
d -3637 -3757 -10 0
d -3760 -3640 -10 0
d -3643 -3763 -10 0
d -3646 -3766 -10 0
d -3649 -3769 -10 0
d -3652 -3772 -10 0
d -3655 -3775 -10 0
d -3658 -3778 -10 0
d -3661 -3781 -10 0
d -3664 -3784 -10 0
d -3667 -3787 -10 0
d -3670 -3790 -10 0
d -3673 -3793 -10 0
d -3676 -3796 -10 0
d -3679 -3799 -10 0
d -3682 -3802 -10 0
d -3685 -3805 -10 0
d -3688 -3808 -10 0
d -3691 -3811 -10 0
d -3697 -3817 -10 0
d -3724 -3835 -10 0
d -3739 -3850 -10 0
d -3742 -3853 -10 0
d -3745 -3856 -10 0
d -3748 -3859 -10 0
d -3751 -3862 -10 0
d -3754 -3865 -10 0
d -3757 -3868 -10 0
d -3871 -3760 -10 0
d -3874 -3763 -10 0
d -3766 -3877 -10 0
d -3769 -3880 -10 0
d -3772 -3883 -10 0
d -3775 -3886 -10 0
d -3778 -3889 -10 0
d -3892 -3781 -10 0
d -3784 -3895 -10 0
d -3787 -3898 -10 0
d -3901 -3790 -10 0
d -3793 -3904 -10 0
d -3796 -3907 -10 0
d -3799 -3910 -10 0
d -3802 -3913 -10 0
d -3808 -3919 -10 0
d -3826 -3937 -10 0
d -3832 -3943 -10 0
d -3835 -3946 -10 0
d -3838 -3949 -10 0
d -3841 -3952 -10 0
d -3844 -3955 -10 0
d -3847 -3958 -10 0
d -3856 -3970 -10 0
d -3859 -3973 -10 0
d -3976 -3862 -10 0
d -3979 -3865 -10 0
d -3868 -3982 -10 0
d -3985 -3871 -10 0
d -3874 -3988 -10 0
d -3877 -3991 -10 0
d -3880 -3994 -10 0
d -3883 -3997 -10 0
d -3886 -4000 -10 0
d -3889 -4003 -10 0
d -3892 -4006 -10 0
d -3895 -4009 -10 0
d -3898 -4012 -10 0
d -3901 -4015 -10 0
d -3904 -4018 -10 0
d -3910 -4024 -10 0
d -15 -120 -4095 0
d -15 -378 -4095 0
d -4080 -18 -4095 0
d -1971 -21 -4095 0
d -123 -1890 -4095 0
d -3981 -126 -4095 0
d -129 -183 -4095 0
d -129 -2043 -4095 0
d -3873 -132 -4095 0
d -3867 -135 -4095 0
d -2037 -138 -4095 0
d -141 -3771 -4095 0
d -144 -3762 -4095 0
d -147 -3756 -4095 0
d -150 -3660 -4095 0
d -153 -3651 -4095 0
d -156 -3642 -4095 0
d -159 -3549 -4095 0
d -162 -3540 -4095 0
d -165 -3531 -4095 0
d -372 -186 -4095 0
d -189 -501 -4095 0
d -264 -2049 -4095 0
d -486 -2046 -4095 0
d -2043 -495 -4095 0
d -597 -2040 -4095 0
d -606 -2037 -4095 0
d -615 -2034 -4095 0
d -708 -2031 -4095 0
d -717 -2028 -4095 0
d -726 -2025 -4095 0
d -819 -2022 -4095 0
d -828 -2019 -4095 0
d -837 -2016 -4095 0
d -930 -2013 -4095 0
d -939 -2010 -4095 0
d -948 -2007 -4095 0
d -1044 -2004 -4095 0
d -1053 -2001 -4095 0
d -1062 -1998 -4095 0
d -3873 -263 -3981 -254 12 9 129 21 18 0
d -3873 -263 123 12 129 9 21 -3981 255 18 0
d -3873 123 -3981 -10 -262 129 9 -19 255 0
d -3873 123 -262 9 12 -3981 -19 129 255 18 0
d -3873 -3987 21 -4095 255 12 129 9 123 -3981 -11 18 0
d -255 -3981 189 -2041 -11 -4095 120 376 -7 0
d -3882 -3981 -7 120 -11 -4095 376 -264 -255 0
d -3882 -3873 -3981 120 -4095 -11 123 12 129 9 21 -3987 18 0
d -17 -122 2043 -10 -14 2046 -8 0
d -3975 -255 -122 120 -10 -4095 -3981 377 -17 -8 0
d -3975 -122 120 -4095 -3981 14 18 129 -8 21 12 0
d -3975 -122 129 12 9 120 -4095 -3981 14 18 21 0
d -3894 -42 -16 -11 14 -121 -3999 -3990 0
d -3882 -3894 -4095 -3981 -7 120 -3990 14 -121 -3999 -3885 18 21 129 12 123 0
d -3885 -3975 -3999 120 -14 -4095 -3981 123 18 21 12 129 9 0
d -121 21 -10 129 9 12 0
d -3894 -3999 -4095 123 -3981 -3990 120 18 21 -7 129 12 9 -3975 0
d -3903 -3975 -4008 120 -8 -4095 -3981 18 129 21 12 123 9 0
d -3903 -16 -2043 -4095 376 -11 280 256 253 -4008 -3975 0
d -7 -254 -4095 376 2043 -11 0
d -3981 -32 120 -11 -4095 2043 -7 -127 0
d -3981 -20 -11 -127 2043 120 -7 -4095 0
d -3975 -3990 -11 129 -4095 21 -3987 12 -3981 18 9 120 0
d -3975 -3990 120 -3987 -8 -10 -4095 -3981 21 18 129 -2043 12 121 0
d -19 -3981 -10 -128 2043 -8 -262 0
d 133 -3987 -10 262 -128 -8 -189 38 -3981 0
d -263 121 120 -10 -128 133 -8 0
d -17 -135 2046 -10 121 -8 2043 -4095 -264 377 392 -19 620 0
d -3975 -122 -10 2043 -8 120 -4095 -3981 2046 18 129 21 12 0
d -3975 -3987 21 -4095 -3981 120 18 129 12 -3996 -3990 9 0
d 18 1905 -14 129 1896 21 -8 2043 3867 0
d -1913 1923 -19 -128 3885 -8 0
d 1923 -17 2046 2043 21 1914 3876 3885 -8 0
d 1923 2046 18 21 1890 1914 2043 1905 3885 1896 1911 -8 3876 15 129 3867 0
d -20 3873 -14 129 -7 2043 -3981 3867 -1904 0
d 1911 1920 1905 21 3882 3873 -16 129 -3981 2043 3867 15 -7 0
d 3867 1905 2043 -8 129 18 1896 12 21 15 0
d 1920 3882 3867 3873 129 21 12 18 1911 1905 -3981 2043 15 9 1896 0
d -3978 -3987 -3972 129 18 -3981 12 21 -4005 -3996 -4089 -4095 -3975 -3990 0
d 3885 1923 2043 1905 3876 1914 129 3894 -7 18 3882 3873 1920 1911 21 -3981 3867 15 0
d 1923 -4017 -17 -4008 -3999 -7 1914 1932 1941 0
d -1912 3783 49 2034 138 135 -186 40 37 -4008 -3999 -3996 0
d -1912 -1922 -7 -12 40 2034 3774 138 123 3783 135 49 37 -4008 -3999 -3996 0
d -1913 -184 15 -121 273 -7 0
d -1913 -42 -12 2046 -16 123 -7 180 -1922 -3999 0
d -41 -1913 2043 3756 129 -122 3885 3873 -16 -7 2046 0
d -41 3876 271 -3990 -16 -2044 2043 -1913 15 3885 -121 0
d -1922 -3990 2043 2046 -16 -21 -7 3756 129 3873 -12 180 -3999 -4008 -3996 0
d 180 -3990 2046 129 126 -7 3873 -12 -3999 -4008 -3996 18 -4017 -3981 1911 0
d -1921 -4017 185 -4008 -3999 -8 -16 0
d -1913 -3999 2034 3774 -8 -12 123 138 18 -4017 -4008 0
d 2046 180 -12 273 -185 123 -17 -8 -1912 0
d -3975 396 -184 -1912 1932 2046 -8 1923 123 273 0
d -3975 -42 2046 -12 18 -8 -1912 1932 -3999 -21 0
d 180 -185 18 273 -12 2046 123 -1912 -8 0
d -1912 1932 185 1923 -16 -4017 -4008 -3999 -8 0
d -1912 123 185 -8 -2036 -21 -3990 -40 3876 3756 3873 -1921 18 1932 1923 -4017 -4008 -3999 0
d -3990 180 -21 -2036 18 -12 2046 -8 -40 3756 3873 -4017 -4008 -3999 3867 3762 0
d -3975 -3990 -12 -4017 -4008 -3999 129 -3987 -3981 18 -3996 -4095 -4089 0
d -3782 -40 18 3774 -8 2040 3792 0
d -3782 -40 3792 3765 3801 18 3774 9 2040 0
d 3635 -21 3866 -10 -3754 0
d -40 3762 3756 2034 129 -21 12 9 3774 18 2037 3783 3792 3765 3801 2040 0
d -3755 -3867 2034 3762 -3981 -10 129 9 0
d -3634 -21 -3760 -11 97 -2036 3771 123 -7 0
d 123 -3755 3771 3762 -3867 -21 2037 129 9 12 -3981 2034 0
d -3635 -3761 -21 -10 98 -2035 3771 123 -8 0
d 3771 -3867 2037 -21 129 12 9 -3981 2034 -3987 0
d 3756 -3865 -10 2034 -8 0
d 2034 3756 -3981 -4095 2037 -10 3867 129 9 0
d -2041 -3981 189 -129 3865 9 2037 0
d -3987 -3981 -129 -4095 9 -4086 0
d -3981 -3865 2043 -10 -2042 129 9 0
d 2037 -3865 2043 -3981 -10 129 9 0
d 2037 123 -3865 264 -10 -3981 129 9 21 18 0
d -3990 -3987 -10 -3865 2037 129 9 -3981 18 0
d -3981 -21 -4095 2037 -10 129 9 -3987 -3996 -3990 0
d -4089 -3867 -2043 -4095 -10 -19 377 272 254 -3999 0
d -3996 -3981 -4095 -10 -3867 2037 -17 -128 -3987 -19 -4089 -3999 121 0
d -3990 -3987 129 -10 2037 18 -3981 -4095 -3996 -4089 -3999 0
d 3885 1914 9 1905 21 1911 129 3894 1923 18 3882 3873 1920 2043 3876 -3981 3867 15 1890 2046 1896 0
d -16 2046 123 -7 129 1905 -13 2043 -12 0
d 3966 -255 129 2043 -7 -14 -12 2037 1971 0
d 1911 3873 -7 2043 2037 1896 3867 1905 -21 129 3882 -12 3966 1971 2046 18 -4017 -4008 -3999 1914 0
d -1912 18 -127 -8 3894 3876 -3987 3885 1923 0
d -3999 -4017 2037 11 18 -3987 -4008 -4089 -3981 -3990 -4095 -3996 129 0
d -3999 -3990 -128 -8 -3981 18 129 -3987 -4095 -4089 11 396 -2037 99 0
d -3999 -3990 -8 129 -3981 11 -3987 -4095 -4089 18 396 -2037 99 0
d -4008 -3999 129 11 -3981 18 -3996 -3990 -3987 -4095 -4089 -4017 0
d -1905 2044 -11 -13 21 129 -7 -3990 -3981 -4095 -3987 0
d -3990 -3987 -13 -7 -4095 -3981 -11 21 129 18 0
d -3987 -3996 129 9 -11 -13 -3981 -3999 -3990 -4095 18 0
d -3996 -3987 -4095 -3981 -3999 -3990 18 -4008 -4089 -4017 -4086 0
d -7 -4086 -15 -4095 -127 -11 0
d -7 120 -377 129 -4095 15 -11 0
d -4089 119 -11 120 129 15 -4095 0
d -3990 -4089 129 -11 -3987 3981 -4095 -4077 -4086 0
d -16 184 1896 -12 -14 -377 -7 -127 120 187 -3987 2041 0
d 184 -1889 255 370 -4095 -7 -188 120 -14 0
d -16 -1889 501 2032 -14 -4080 -12 187 184 255 -4095 -7 370 120 0
d -16 -4080 -3979 120 -7 -127 -12 187 -4095 -4089 -14 -3987 0
d -16 1887 -7 -12 -127 -14 -4095 -4077 187 120 3981 -4080 -4089 -3987 0
d 1920 -16 -7 3891 3882 -14 -4077 187 129 -12 1887 -4095 3981 -4080 -4089 -3987 0
d -4080 -4077 129 -7 -4095 187 -4089 -3987 -4017 -4008 -3999 -4005 -3996 -3990 -4086 0
d 3876 2046 -14 1914 1911 1923 -17 3885 -8 -12 187 129 -1894 0
d -3999 18 -8 -189 2046 -12 -13 -4017 -4008 -17 -3990 0
d -17 -21 -13 -12 -1894 129 18 -8 2036 -3999 -4017 -4008 -3990 0
d 1911 -17 -12 2046 -8 129 18 -3999 -4017 -4008 -3990 187 -1894 0
d -3987 -3999 -8 129 -12 -4017 -4008 -3990 187 -4095 -4089 -4080 -4071 0
d -128 -188 377 -4095 -10 0
d 501 120 -376 -128 -10 0
d -3990 -3987 129 -4095 187 -4089 -3999 -4017 -4008 -4080 -4071 -4077 -4005 -3996 -4086 0
d -4089 -119 -128 -4095 376 -10 -187 0
d -4089 -3987 -14 376 9 -12 -128 -187 3981 -119 0
d -499 1890 255 -4095 1896 183 -187 -8 -13 -119 -128 0
d -4017 -4089 376 -4095 -187 -119 -128 -4008 -3999 18 -3987 3981 -3990 11 0
d -3990 -3987 -187 3981 -119 -13 9 -128 -4017 -4008 -3999 18 -4095 11 -376 0
d -376 -119 -8 13 11 -4095 -187 0
d -3990 -3987 -128 11 -4095 -119 3981 -187 -4017 -4008 -3999 18 -4089 0
d -4089 -3987 11 -187 3981 -128 -3990 -4095 -4017 -4008 -3999 18 0
d -1910 186 32 -7 -187 3981 -14 -12 11 31 0
d -1910 -3987 -2045 -7 3882 -187 3981 -14 -12 11 31 -4095 370 0
d -3999 -3987 129 -4095 -3996 -4089 -4080 -4071 -3990 -4017 -4008 -4077 -4005 -4086 0
d -11 -187 2043 119 -4095 2037 -7 0
d -129 -7 189 -4095 2037 0
d -4086 -2042 -10 -129 -8 120 0
d -4086 -2042 -4095 -8 -10 0
d -4008 -3985 -188 1970 -13 -4095 -8 129 2037 -17 0
d -3874 1914 2037 -128 -378 20 -2042 -4095 -8 186 -12 0
d 2 1970 3980 -376 -13 -2035 3866 -4095 254 20 -12 0
d -3874 1914 188 -12 -4095 2037 -128 20 -2042 -8 186 0
d -4008 2037 -4095 -8 -2042 -3996 3987 -3990 -4089 -4080 -4071 -4086 0
d -4008 -17 -127 -13 1970 3987 -4095 2037 3866 -8 0
d -3996 3987 1970 -4095 -188 -13 -128 2037 -4008 -8 -17 0
d -3986 1970 2037 -13 -4095 20 -128 3866 -8 0
d -3990 -3999 -21 -128 -13 386 -8 18 -4017 -4008 1970 26 188 -4095 0
d -3990 -3999 -8 -13 1970 3866 18 -4017 -4008 -17 -4095 -3996 3987 2037 0
d -3990 -3999 -13 1970 -8 18 -4017 -4008 -4095 -17 2037 3987 -3996 0
d -3999 386 -21 -13 2042 -4089 3965 -8 18 -4017 -4008 26 182 -128 -3990 0
d -17 -4089 -8 1896 -128 -13 2037 -1970 2042 -3999 18 -4017 -4008 -3990 0
d -3999 -4017 -8 -13 2037 -4008 -4089 -4080 -3990 2042 -4095 3987 -3996 -4071 0
d -3866 -2035 129 -8 -12 13 -4095 0
d -2035 -3866 13 -33 129 -8 2042 -4095 0
d -33 253 -10 13 -8 -4095 126 120 501 2042 129 -2035 0
d 126 -2035 -189 13 -8 -33 -4095 2042 129 0
d -31 -8 -189 13 2042 -12 -4095 0
d -4086 -2035 -189 -8 13 -4095 9 2042 -4077 0
d -4089 -119 376 -4095 -10 129 -187 0
d 486 477 -8 -2035 -12 13 -4095 -4089 -4080 -4071 0
d -4080 -2035 -10 -1894 -8 -4089 -4095 -2043 -187 0
d -4089 -119 -4095 -187 -10 129 -8 13 0
d -4080 -4089 -2043 -187 -4095 -8 13 -2035 -4071 0
d -4089 -2035 188 2042 2037 13 -4095 -4080 -4071 -8 -4086 -4077 0
d -3996 3987 -4095 2042 -187 -8 119 13 2037 -4089 -4080 -4071 -4062 -2036 0
d 3987 -2036 -118 -4095 13 2042 -10 187 -8 126 129 0
d 3987 -4086 119 188 -4095 2042 13 -4077 -8 2037 -3996 -4089 -4080 -4071 -4062 0
d -249 -2036 187 -8 -12 126 13 -2041 2042 -189 -4095 0
d -2041 -2036 126 1970 -8 129 -189 187 13 2042 -4095 120 254 0
d -2036 -4077 -8 129 2042 -119 187 -4095 13 188 0
d -4080 -17 370 -2043 129 182 -1888 494 254 -4095 0
d -4080 -4089 -8 -2036 -4095 -119 129 13 2042 -4071 -4077 188 0
d 2037 -4086 -8 2042 -4095 -129 0
d -4080 -4089 12 -4095 2042 13 -2041 -4071 -4077 3987 -4086 2037 -3996 -4062 -8 0
d -2036 -4086 13 -4095 3987 2042 -4077 -8 2037 -3996 -4089 -4080 -4071 -4062 0
d 129 -188 -4095 -8 -10 0
d -4080 -4071 -4095 -8 2037 -4089 -4086 -4077 3987 -3996 -4062 -3999 -4017 -4008 -3990 0
d -4008 -3999 -8 129 -12 -2037 -3990 -4095 -4089 -4080 -4071 0
d -3999 -3990 -8 129 -3996 -2037 -4008 -4095 -4089 -4080 -4071 0
d 119 188 -15 -129 -4095 0
d -4089 -129 1896 -4095 8 0
d 1896 183 119 -7 -2037 -11 -13 0
d 15 183 119 -11 188 -129 8 -2037 0
d 15 183 188 -129 2043 119 8 -2037 0
d -2037 183 -10 -119 188 15 8 0
d -2037 183 188 -129 2043 8 15 0
d 188 -2037 -4095 -129 8 0
d -118 23 -129 125 -10 0
d -182 -188 -10 -129 -9 0
d -188 1896 -4095 -10 -9 -129 0
d -2037 -129 -4095 8 0
d -11 -129 -120 8 -4095 0
d -253 183 -13 -11 -2042 378 120 -129 8 -2035 0
d -32 -2042 183 120 -13 -11 0
d 183 2037 120 -11 -129 -13 8 -2042 0
d -129 -11 -13 -4095 8 0
d -129 -11 8 -4095 0
d 3867 189 -4095 188 118 -10 -129 0
d -2042 378 255 -10 -14 0
d -129 3867 -10 -188 2037 -9 118 -4095 0
d 501 -2041 -10 378 3963 3747 -119 -14 21 -129 -4095 2037 0
d 2037 118 -10 -4095 3867 -129 -9 0
d 2037 -3867 -119 -10 -129 -4095 -9 0
d 2037 -129 -10 -9 118 -4095 0
d -32 3981 -14 -377 -10 2043 0
d 8 -129 -4095 0
d 123 -264 -377 -10 -119 -126 620 -31 500 0
d -377 -499 -10 -128 494 -9 -264 0
d -128 -377 -10 -4095 -15 -9 0
d -10 14 -4095 8 0
d 14 -127 -187 -4095 119 0
d -501 -376 2043 -11 187 -15 -4095 0
d -9 -127 -15 -11 187 -4095 377 0
d -11 -189 -118 -9 187 377 -13 -127 -4095 0
d -500 3873 -9 -13 2037 -11 21 -127 2025 135 -3980 0
d -9 377 -4095 14 129 10 0
d 3871 19 -2043 -4095 1970 501 -378 -13 -127 -11 -7 2033 3980 -33 0
d 188 -7 -4095 -11 14 377 129 0
d -13 -128 -12 -2042 -7 377 -4095 188 120 0
d 188 -7 377 -4095 129 14 10 0
d -1895 -254 -128 -13 495 2037 0
d -12 -13 377 -118 -188 -7 129 -2043 -4095 0
d 377 -188 -2043 -4095 -13 -118 -7 129 10 0
d -188 -7 -2043 -13 129 10 377 -4095 0
d -188 -7 377 -13 129 -4095 10 0
d 14 377 -4095 8 0
d 14 -15 -4095 8 0
d 120 187 -377 -4095 10 -2043 15 -13 8 3979 0
d -12 -13 -377 -118 -4095 2043 8 0
d -377 -13 -4095 -118 8 15 10 0
d 14 -11 8 -4095 0
d 14 8 -4095 0
d -1895 -14 -7 2043 -4095 129 0
d -9 2036 188 -2041 -10 0
d 2043 -1895 8 -4095 0
d -2035 -3867 -128 -10 255 -9 -2042 -14 0
d 1895 -2035 -187 -10 -2042 -9 -14 -128 0
d -2036 -2042 -10 -9 -14 -128 0
d -255 -21 -128 -10 377 120 500 0
d -17 98 -128 -9 -621 372 21 0
d -16 249 -31 -119 3 -10 0
d -2042 1895 -4095 -10 8 0
d 2037 -14 -12 -4095 -128 -2042 -119 -7 3866 -189 0
d 2037 -7 -189 -12 -2042 -4095 -14 129 -1894 0
d -1894 -189 -4095 -7 -2042 -14 -12 129 0
d -2042 1895 -4095 8 0
d -2036 1969 253 3865 -14 19 1 -4095 3979 -12 -377 0
d 1969 19 -4095 -377 -2 -14 0
d -1894 -127 -2041 -4095 -14 -7 0
d -7 129 -2041 -4095 -14 1895 0
d 8 2043 -4095 0
d -2043 129 -10 -14 8 0
d 182 -127 -7 -2036 1970 -4095 255 20 -493 -3979 0
d -2036 262 -119 129 -12 -7 -4095 255 -493 -3979 -14 0
d -2036 -3979 -127 -4095 0
d -189 -119 -4095 -127 -3979 -14 0
d -3979 -262 -4095 -127 0
d -3979 -127 -4095 0
d -2024 -127 -4095 0
d -118 -3981 -127 -4095 0
d -118 -2035 20 -4095 1970 -13 0
d 20 -118 -4095 -127 0
d -118 -127 -4095 0
d 120 3979 -4095 183 -2041 -12 -13 0
d 3979 -2041 -189 -12 -4095 0
d 3979 -2041 -4095 -12 0
d 2037 -254 15 -4095 -118 -128 189 0
d -254 119 -12 -4095 2041 0
d -120 -13 254 -12 -188 -4095 2041 0
d -120 254 -12 -4095 2041 0
d -118 -2043 -1895 -13 -4095 2036 493 254 -12 0
d -1895 -118 493 -12 -13 -4095 2036 3979 254 0
d -118 -376 -4095 -12 2036 -13 3979 254 0
d -118 -188 -12 3979 -4095 254 0
d 3979 -12 -189 -4095 0
d 3979 -2042 -13 -4095 -12 0
d 185 -21 1970 -2043 -13 -4095 -12 0
d -13 3979 -4095 -12 0
d -12 3979 -4095 0
d -12 -14 -4095 0
d -15 -376 -4095 0
d -15 -129 -4095 0
d -120 20 -10 -14 -8 -128 2042 188 0
d -2043 -182 -4095 -14 0
d 1895 -181 -4095 120 0
d -189 -2043 -4095 -14 0
d -14 -189 -4095 0
d 2043 -119 -10 -8 -128 189 -15 0
d -15 -378 189 120 -10 -128 -8 0
d 3981 -2042 -10 3867 -8 0
d -118 -378 -8 -189 -10 -15 0
d -17 3852 -10 1971 -3980 -3866 0
d -2041 -3866 263 -10 -255 -189 16 186 -8 -378 0
d -3 -18 -255 32 263 -10 0
d -3980 -255 -8 -10 3866 16 263 -189 -2041 186 0
d -378 -8 -2041 -128 120 377 -10 -15 0
d 120 -378 -10 -8 -128 377 -15 0
d -2042 -120 -10 -8 -378 3981 -128 0
d -128 -378 -8 -15 -10 377 0
d -378 -129 189 -2041 -8 -10 0
d -8 376 377 -10 -15 0
d 3867 -8 189 -377 -10 2041 -119 0
d 2024 371 -187 -8 -129 -2043 -2035 3872 -10 0
d -120 -187 -10 -8 -2043 -377 3867 183 0
d 2041 -377 -10 -8 -15 0
d -8 -377 -10 -15 0
d -129 187 -10 -8 -15 0
d -2037 20 3981 -8 -10 2041 -15 0
d 20 262 -8 -188 -10 2041 3981 -15 0
d -15 -31 -120 -8 -10 187 0
d -2041 -128 2034 3981 -376 -10 0
d -31 -8 187 -15 -10 0
d -3979 2037 -33 187 -8 -376 -10 0
d -8 2041 187 -15 -10 0
d -8 -15 187 -10 0
d -2037 -33 -10 -8 -15 0
d -8 -255 -10 -15 0
d -128 2037 -10 -8 -15 0
d -8 2037 -15 -10 0
d -8 -15 -10 0
d 1896 -376 -187 2043 -9 -10 0
d -1895 -2037 -376 -10 -120 -15 0
d -120 -1895 -15 -376 -10 0
d -15 -120 -376 -10 0
d -376 -15 -10 0
d -128 181 -15 -10 120 -4094 0
d -15 -4094 -119 -10 -1894 -129 0
d 120 -1894 -10 -15 0
d -1895 -118 -15 -10 0
d -15 120 -10 0
d -613 1877 -3746 -187 360 -2025 -2042 1885 137 -253 -10 0
d -128 -187 -10 -15 0
d -188 -2042 -120 -9 376 183 -10 -128 1896 0
d -128 -15 -10 0
d 1896 183 -10 -377 -188 -129 -9 0
d 188 89 -10 2042 -120 -9 0
d 188 89 -377 1896 119 -9 -10 0
d 377 -118 -9 -10 0
d -9 188 -120 -10 -182 0
d 188 -182 -10 -9 0
d -9 -182 -10 0
d -2041 262 118 -128 -10 0
d 1894 -2042 -119 -10 -9 -128 0
d 129 -9 -10 0
d 3 1971 -253 -187 -10 0
d 1894 253 -120 2041 -10 -9 0
d -187 -2 -10 -9 0
d 21 -1 -10 -119 -129 -4093 1894 378 2041 -255 0
d -187 1894 -10 -9 0
d -187 -9 -10 0
d -1894 -9 -10 0
d -4094 -9 -10 0
d -120 -4093 -376 -10 -9 0
d -376 -500 -10 255 -4093 -9 0
d 495 -4093 -2041 188 -9 -10 0
d -255 -4093 -10 -119 -9 0
d -376 -9 -10 -4093 0
d -2036 1971 -10 3867 3 255 -4093 3981 21 -377 0
d -2043 -4093 -10 -9 0
d 2036 -377 -2041 -9 -10 0
d -2036 371 -10 -4093 -129 0
d -2043 -4093 -10 -129 0
d -120 -253 -10 3979 184 3756 -2043 0
d 3756 -3981 -10 3867 -120 -129 -123 0
d -2043 -129 -10 0
d -120 -129 -10 0
d -119 -2041 -10 0
d -2041 -189 -10 0
d -118 -189 -10 0
d 370 -1894 -188 264 12 -129 -15 -11 2023 -2043 4087 0
d -371 247 1 19 -120 493 -377 -11 0
-2042 -189 31 3865 -182 -119 0
-2041 -119 -13 377 -12 0
-127 -189 377 -119 -12 0
-13 -189 -12 377 -119 0
-125 -12 2047 4087 -14 -2042 0
-2049 -14 -12 -189 -7 377 254 125 1969 -128 1895 4087 0
-2042 -189 -119 -12 377 -4093 0
-12 -189 -119 377 0
-9 -11 254 -119 -189 377 0
-1894 -7 2042 -11 -33 -378 3867 -124 0
1894 -127 -11 183 1896 187 -378 0
-7 -119 -11 -189 377 0
377 -189 -119 0
-2041 -128 3867 -7 -12 -119 0
-128 -12 -119 -189 0
-7 -12 -189 -13 -119 0
118 0
-1 -8 253 -189 -12 1970 371 -13 -127 0
-189 371 -127 -13 -263 253 -33 -12 -8 181 0
-377 -8 181 -33 -12 1894 3970 -13 253 -4094 0
-183 126 -2041 -3866 4088 1894 -378 -12 0
-33 -12 -2041 -13 -4094 181 -3866 1894 -8 3970 0
-3866 -12 -13 -2041 1894 181 -4094 -8 3970 0
-499 -3980 2034 129 -13 0
-128 -4094 499 -12 181 376 -8 0
-12 -4094 181 -13 3979 3865 -2041 1894 3970 7 0
-127 -13 -11 -9 -501 3865 -2041 -188 0
-188 -4094 -13 -9 -11 -2041 -1896 3865 499 0
-129 -4094 1890 -13 138 2037 -255 -9 -377 -11 0
499 -13 3979 -11 -4094 -9 -2041 -1896 3865 0
-2041 -13 -4094 3979 7 181 0
-2036 -9 3979 2041 -377 -11 0
-3981 -13 -9 2036 -377 -4094 -11 2041 0
-377 -13 3979 -9 2041 -11 -4094 0
-3980 -9 2036 -13 -4094 -11 3979 2041 0
-129 181 -9 -13 3980 -2042 1969 -2035 -4094 0
2036 -11 -13 -9 181 -4094 2041 3979 0
-9 -4094 3979 -13 2041 181 0
-20 -3980 -188 -12 -8 9 0
-127 -12 32 -3980 -188 0
-2043 -4094 -12 181 -8 -13 9 3979 0
-13 7 0
-183 2042 1895 -33 -12 0
-501 -3979 2036 377 -1905 -12 0
-2041 -12 -4094 -14 499 -127 3980 -8 0
-127 -8 3980 -12 -14 0
-12 3980 7 0
-2041 -15 3871 -9 -11 377 -3979 0
377 -9 -11 -3979 -15 3871 0
-2042 -15 -3979 -377 -11 0
-3979 -15 -11 -9 0
-188 1896 2043 -377 -11 0
-189 -11 33 -3981 -15 0
3980 7 0
-11 7 0
-128 -12 -14 -3980 -8 0
7 0
-14 1894 -2041 -3980 128 0
-3980 -2041 128 3865 13 1894 0
-15 1969 2042 -2041 128 -3981 0
-2041 128 2042 0
-4094 1970 2037 -12 3981 -188 376 499 0
-1969 -2043 97 -127 2046 -14 376 19 -254 2037 -3979 0
-12 -188 -254 -2043 189 128 0
-127 -2032 359 -2043 -378 -188 1886 3866 21 -13 0
-2036 -501 3979 -254 -11 3754 1903 -1971 -2043 128 -2032 -378 -188 1886 3866 21 -13 0
-378 372 -188 -11 3866 3979 -254 3754 1903 -1971 -2043 128 -2032 -501 1886 -3 0
-1971 -11 -2043 -254 128 -188 -3 0
-495 -2043 1886 359 -2032 137 2024 -3 0
-13 3754 -2043 128 -2032 -188 1886 3866 -3 377 -2036 -11 370 0
189 -254 -2043 128 0
-1885 -189 3625 -11 3745 183 128 -2023 -2032 0
-129 -189 3625 183 -2032 -11 4085 3745 0
-127 -11 183 -189 -2043 377 0
-2043 128 0
-129 2043 183 14 -189 0
-13 19 -189 97 -11 -127 2043 183 0
-2042 -15 19 -182 -127 -189 3981 -11 0
2042 128 0
-11 -2042 -182 -127 -189 19 -33 97 2043 0
-182 -189 -255 128 0
-12 128 -255 -189 0
-183 -11 -189 0
-189 -255 128 0
128 0
-13 0
0
